0.7157 0.5279 1.0000 0.0000 
0.0951 0.7272 1.0000 0.0000 
0.4497 0.0619 0.0000 1.0000 
0.0622 0.7209 1.0000 0.0000 
0.7582 0.8646 1.0000 0.0000 
0.1790 0.6160 1.0000 0.0000 
0.8524 0.9835 1.0000 0.0000 
0.3845 0.8745 1.0000 0.0000 
0.9986 0.8956 1.0000 0.0000 
0.1285 0.3268 0.0000 1.0000 
0.7307 0.0616 0.0000 1.0000 
0.8940 0.7476 1.0000 0.0000 
0.3438 0.4661 1.0000 0.0000 
0.1256 0.0901 0.0000 1.0000 
0.3911 0.6323 1.0000 0.0000 
0.0460 0.2258 0.0000 1.0000 
0.1135 0.0662 0.0000 1.0000 
0.2828 0.2052 0.0000 1.0000 
0.4508 0.9193 1.0000 0.0000 
0.5355 0.8695 1.0000 0.0000 
0.0243 0.4015 0.0000 1.0000 
0.1669 0.8335 1.0000 0.0000 
0.2376 0.7647 1.0000 0.0000 
0.5322 0.6469 0.0000 1.0000 
0.9764 0.2206 0.0000 1.0000 
0.1856 0.0892 0.0000 1.0000 
0.3586 0.0458 0.0000 1.0000 
0.0574 0.2811 0.0000 1.0000 
0.1094 0.1879 0.0000 1.0000 
0.8483 0.5583 1.0000 0.0000 
0.1373 0.6768 1.0000 0.0000 
0.3444 0.7547 1.0000 0.0000 
0.5448 0.2916 0.0000 1.0000 
0.1322 0.7092 1.0000 0.0000 
0.7173 0.0531 0.0000 1.0000 
0.0960 0.6330 1.0000 0.0000 
0.1344 1.0000 1.0000 0.0000 
0.8691 0.2585 0.0000 1.0000 
0.0622 0.0260 0.0000 1.0000 
0.8178 0.0693 0.0000 1.0000 
0.5553 0.0000 0.0000 1.0000 
0.0288 0.8222 1.0000 0.0000 
0.1987 0.1053 0.0000 1.0000 
0.4538 0.4752 0.0000 1.0000 
0.9870 0.3926 0.0000 1.0000 
0.9215 0.4348 0.0000 1.0000 
0.9566 0.6373 0.0000 1.0000 
0.0000 0.8333 1.0000 0.0000 
0.2619 0.4899 1.0000 0.0000 
0.5842 0.9060 1.0000 0.0000 
