0.0968 0.2986 0.0000 1.0000 
0.6684 0.1328 0.0000 1.0000 
0.4601 0.3761 0.0000 1.0000 
0.5393 0.4796 0.0000 1.0000 
0.1435 0.9228 1.0000 0.0000 
0.6654 0.5115 1.0000 0.0000 
0.3756 0.4211 0.0000 1.0000 
0.4672 0.3182 0.0000 1.0000 
0.1576 0.5506 1.0000 0.0000 
0.8287 0.0434 0.0000 1.0000 
0.0597 0.4971 0.0000 1.0000 
0.2142 0.1470 0.0000 1.0000 
0.9269 0.9903 1.0000 0.0000 
0.3249 0.5610 1.0000 0.0000 
0.9771 0.2883 0.0000 1.0000 
0.0101 0.7645 0.0000 1.0000 
0.1235 0.8009 1.0000 0.0000 
0.4217 0.0919 0.0000 1.0000 
0.6587 0.0901 0.0000 1.0000 
0.4440 0.2576 0.0000 1.0000 
0.8206 0.6002 1.0000 0.0000 
0.2340 0.7731 1.0000 0.0000 
0.2560 0.3190 1.0000 0.0000 
0.2167 0.5832 1.0000 0.0000 
0.6298 0.3110 0.0000 1.0000 
0.2459 0.3613 1.0000 0.0000 
0.3591 0.5357 1.0000 0.0000 
0.9994 0.8018 1.0000 0.0000 
