1 0 0 0.532452379982251 0.467547620017749 0
1 0 0 0.991977781959805 0.00802221804019496 0
0 1 1 0.000408481266199231 0.999591518733801 1
1 0 0 0.991937124465721 0.008062875534279 0
1 0 0 0.960791876945019 0.0392081230549811 0
1 0 0 0.957311723858701 0.0426882761412988 0
1 0 0 0.977450732292354 0.0225492677076459 0
1 0 0 0.99436532578121 0.00563467421878996 0
1 0 0 0.898240979544593 0.101759020455407 0
0 1 1 0.0471544308652388 0.952845569134761 1
0 1 1 0.00167691860595225 0.998323081394048 1
1 0 0 0.797731202034922 0.202268797965078 0
1 0 0 0.593978495920099 0.406021504079901 0
0 1 1 0.000385438768818876 0.999614561231181 1
1 0 0 0.935653128492288 0.0643468715077121 0
0 1 1 0.00424424264002491 0.995755757359975 1
0 1 1 0.000274444531051214 0.999725555468949 1
0 1 1 0.00443605129279238 0.995563948707208 1
1 0 0 0.994742514226417 0.00525748577358343 0
1 0 0 0.987944363777216 0.0120556362227841 0
0 1 1 0.188388943140366 0.811611056859634 1
1 0 0 0.996697406610298 0.003302593389702 0
1 0 0 0.991676636289297 0.00832336371070296 0
0 1 1 0.902629849752165 0.0973701502478349 0
0 1 1 0.0321987816691558 0.967801218330844 1
0 1 1 0.000377626517810943 0.999622373482189 1
0 1 1 0.00023117699725041 0.99976882300275 1
0 1 1 0.0139281966689697 0.98607180333103 1
0 1 1 0.00210516956454845 0.997894830435452 1
1 0 0 0.464984024701397 0.535015975298603 1
1 0 0 0.983201597487907 0.0167984025120929 0
1 0 0 0.985769217772705 0.0142307822272954 0
0 1 1 0.0609714739588972 0.939028526041103 1
1 0 0 0.98902468774637 0.0109753122536297 0
0 1 1 0.00132171382678603 0.998678286173214 1
1 0 0 0.970830175061036 0.0291698249389637 0
1 0 0 0.999179653514781 0.000820346485219166 0
0 1 1 0.0468705740379113 0.953129425962089 1
0 1 1 0.000177085953249841 0.99982291404675 1
0 1 1 0.00306336276555631 0.996936637234444 1
0 1 1 0.000202922056900419 0.9997970779431 1
1 0 0 0.997596479339755 0.00240352066024546 0
0 1 1 0.000497392464814171 0.999502607535186 1
0 1 1 0.587326942677516 0.412673057322484 0
0 1 1 0.117621497117121 0.882378502882879 1
0 1 1 0.183859615430025 0.816140384569975 1
0 1 1 0.515533959364893 0.484466040635107 0
1 0 0 0.997987973540095 0.00201202645990455 0
1 0 0 0.705222264024507 0.294777735975493 0
1 0 0 0.988823647921035 0.0111763520789647 0
