0.137993929209188 0.998232709709555 1
0.0142982571851462 0.236611172556877 2
0.146236405009404 0.375339673366398 2
0.629110686248168 0.206084809266031 2
0.715779233025387 0.0595129732973874 2
0.360202672658488 0.0523206125944853 2
0.0990797935519367 0.727834432851523 1
0.416957942536101 0.692110260017216 1
0.979461708338931 0.0437483326531947 2
0.100728758377954 0.302869360893965 2
0.347274508560076 0.225359750445932 2
0.5838276182767 0.905095952562988 1
0.849686115281656 0.981896963436157 1
0.529339267639443 0.148930558934808 2
0.160983132431284 0.552712913136929 1
0.223628023406491 0.664192811585963 1
0.170253952266648 0.833200732711703 1
0.143415410770103 0.583269633352757 1
0.0333296733442694 0.821998336818069 1
0.129303112393245 0.0962299844250083 2
0.385857830988243 0.873857073951513 1
0.587616230128333 0.147541170939803 2
0.264383940258995 0.492549441289157 1
0.392441859235987 0.633761716075242 1
0.532315851422027 0.648190862033516 2
0.409737975103781 0.71158579364419 1
0.85764591791667 0.853350525256246 1
0.81538763246499 0.0756142241880298 2
0.539305976824835 0.482326288241893 2
0.629073477117345 0.315227033570409 2
0.729030141839758 0.0679586413316429 2
0.135847570141777 0.70993257407099 1
0.845600408734754 0.560358735267073 1
0.117271524621174 0.0725682079792023 2
0.228350073331967 0.781925471033901 1
0.0640019548591226 0.49972755368799 2
0.326799961971119 0.563026652205735 1
0.791696238098666 0.138789294287562 2
0.97330247447826 0.292719199787825 2
0.132113588741049 0.330922548659146 2
0.535568439634517 0.86888342956081 1
0.62128644506447 0.739443805068731 1
0.995951783144847 0.282146391924471 2
0.35663716844283 0.322900417260826 2
0.254367008106783 0.317969274241477 1
0.444915055064484 0.262255663052201 2
0.201714487979189 0.111273865681142 2
0.71282866015099 0.201550365425646 2
0.360688572051004 0.537983084563166 1
0.602248434675857 0.411416076123714 2
0.140843503409997 0.677850568201393 1
0.421854674583301 0.734814821742475 1
0.0047921494115144 0.832954325247556 1
0.377105782506987 0.424380412325263 2
0.0924125446472317 0.836229450535029 1
0.0504018419887871 0.230736312456429 2
0.0999372464139014 0.634414902422577 1
0.253318504197523 0.351165074855089 1
0.460800502682105 0.379789342638105 2
0.422786187147722 0.0980043364688754 2
0.125118232565001 0.515071038622409 1
0.983089587418362 0.396144377067685 2
0.484675819287077 0.585856828372926 2
0.345562504371628 0.469002240337431 1
0.240298715652898 0.764975147787482 1
0.467852976871654 0.322347417473793 2
0.258480862015858 0.323128120508045 1
0.14463373250328 0.885354093275964 1
0.714145916746929 0.530197710264474 1
0.451632949290797 0.918254954740405 1
0.0664162992034107 0.721590935718268 1
0.0148603299167007 0.0459715621545911 2
0.664265045197681 0.513999147806317 1
0.0269034884404391 0.527096282690763 2
0.0289254749659449 0.40494636958465 2
0.182169649517164 0.617600786499679 1
0.109933673636988 0.240501698572189 2
0.952947660116479 0.63864610530436 2
0.0616787842009217 0.285530771594495 2
0.878165313741192 0.107869253493845 2
0.337336112977937 0.88086129212752 1
0.786716987146065 0.543521411716938 1
0.147058047587052 0.921737620141357 1
0.12723658955656 0.800832672975957 1
0.577297787414864 0.64193942444399 2
0.826190824387595 0.0499783512204885 2
0.918140886584297 0.437939397525042 2
0.34616776346229 0.755021852441132 1
0.995519609423354 0.717475032899529 2
0.866235733730718 0.263209108263254 2
0.555185098433867 0.0069094649516046 2
0.756247516488656 0.863989572040737 1
0.995312354760244 0.801756371278316 1
0.766964859096333 0.427138777449727 1
0.994613031158224 0.894743937533349 1
0.607878299197182 0.979357459582388 1
0.83283103746362 0.165792884770781 2
0.834597301436588 0.828722238540649 1
0.450495958561078 0.0682835592888296 2
0.217685706680641 0.0963628655299544 2
0.544809284852818 0.295987084973603 2
0.0148174937348813 0.764741031453013 2
0.24853845522739 0.365035578142852 1
0.818127853563055 0.601905738003552 1
0.188793712528422 0.0953064248897135 2
0.898634576005861 0.571100231260061 2
0.972562771523371 0.22559562092647 2
0.2196047489997 0.585095497779548 1
0.395878299372271 0.646955173928291 1
0.540741770295426 0.714625323191285 2
0.923493208596483 0.988569568376988 1
0.285067671677098 0.21029791329056 2
0.235938762547448 0.540546292904764 1
0.090375755680725 0.947359077632427 1
0.890840493375435 0.747995430137962 1
0.217128544813022 0.152681975625455 2
0.395366932498291 0.760773309040815 1
0.234676043270156 0.52335842512548 1
0.23668615357019 0.773265219759196 1
0.657669311156496 0.0962667735293508 2
0.667305127950385 0.138582190964371 2
0.454544351203367 0.477991331368685 2
0.292166892671958 0.491546829696745 1
0.599951307987794 0.294468368403614 2
0.754380530910566 0.364843223709613 1
0.0930039796512574 0.969733672216535 1
0.066458964953199 0.0327059063129127 2
0.113224642118439 0.193146669305861 2
