0 1 1 0.0225210874364972 0.977478912563503 1
0 1 1 0.0047760864999775 0.995223913500023 1
0 1 1 0.218479434621116 0.781520565378884 1
0 1 1 0.549269650902885 0.450730349097115 0
1 0 0 0.99854850600396 0.00145149399603992 0
1 0 0 0.538756255525615 0.461243744474385 0
0 1 1 0.389286404632875 0.610713595367125 1
0 1 1 0.0869163838185788 0.913083616181421 1
1 0 0 0.88581364692958 0.11418635307042 0
0 1 1 0.0020611740263986 0.997938825973601 1
0 1 1 0.711003568270275 0.288996431729725 0
0 1 1 0.00108924396814073 0.998910756031859 1
1 0 0 0.968677528053998 0.0313224719460019 0
1 0 0 0.875140976128208 0.124859023871792 0
0 1 1 0.0566551591532985 0.943344840846702 1
0 1 1 0.995716511999683 0.00428348800031716 0
1 0 0 0.996114432590792 0.00388556740920855 0
0 1 1 0.000656726882791243 0.999343273117209 1
0 1 1 0.00197887140347017 0.99802112859653 1
0 1 1 0.0251410236786582 0.974858976321342 1
1 0 0 0.591965473315304 0.408034526684696 0
1 0 0 0.992458563812599 0.00754143618740077 0
1 0 0 0.0558834917582692 0.944116508241731 1
1 0 0 0.926282168558958 0.0737178314410423 0
0 1 1 0.0885117022154655 0.911488297784535 1
1 0 0 0.13498669105134 0.86501330894866 1
1 0 0 0.815188589432373 0.184811410567627 0
1 0 0 0.787845622016033 0.212154377983967 0
